#timestamp x y z qx qy qz qw id
17.681000 0.052898 -0.000371 -0.161205 -0.707030 0.707182 -0.001140 0.001264 1
18.812000 0.172954 -0.000597 -0.211517 -0.706975 0.707237 -0.000978 0.001119 2
19.863000 0.301308 0.001354 -0.222666 -0.707046 0.707166 -0.001138 0.000985 3
20.942000 0.464737 0.003648 -0.234163 -0.706987 0.707222 -0.002019 0.001580 4
22.009000 0.653282 0.000653 -0.242691 -0.707017 0.707195 -0.000939 0.000912 5
23.142000 0.862682 0.001103 -0.248964 -0.706916 0.707291 -0.002055 0.002022 6
24.283000 1.110909 0.000069 -0.253929 -0.707072 0.707140 -0.001103 0.001274 7
25.298000 1.331417 0.001509 -0.255966 -0.707026 0.707185 -0.001522 0.001393 8
26.324000 1.603904 0.000782 -0.260935 -0.706936 0.707275 -0.001451 0.001405 9
27.507000 1.914863 0.000766 -0.262532 -0.706988 0.707222 -0.001508 0.001465 10
28.571000 2.182745 -0.000490 -0.262203 -0.706885 0.707326 -0.001232 0.001279 11
29.610000 2.443788 -0.001424 -0.260309 0.707139 -0.707069 0.001892 -0.002235 12
30.642000 2.730112 0.001895 -0.258178 -0.706998 0.707200 -0.003392 0.003100 13
31.696000 3.038773 -0.001399 -0.256180 -0.706557 0.707648 -0.002340 0.002325 14
32.742000 3.348594 -0.001331 -0.255384 -0.706558 0.707640 -0.003347 0.003208 15
33.777000 3.653999 -0.000456 -0.252303 -0.706543 0.707661 -0.002663 0.002338 16
34.872000 3.984779 -0.000943 -0.250208 -0.706587 0.707618 -0.002481 0.002175 17
35.908000 4.284813 -0.001231 -0.247086 -0.706535 0.707666 -0.003090 0.002765 18
37.057000 4.639809 -0.000278 -0.245818 -0.706587 0.707609 -0.003716 0.003162 19
38.168000 4.961560 0.000319 -0.241942 -0.706568 0.707631 -0.003450 0.002729 20
39.230000 5.305250 -0.008546 -0.244092 -0.706244 0.707961 -0.002050 0.002592 21
40.265000 5.573867 -0.004822 -0.238451 -0.706588 0.707612 -0.003095 0.003044 22
41.352000 5.872584 -0.003394 -0.235970 -0.706566 0.707623 -0.004282 0.003953 23
42.529000 6.178092 -0.004897 -0.233470 -0.706673 0.707524 -0.003486 0.003346 24
43.703000 6.465253 -0.003213 -0.231524 -0.706812 0.707388 -0.003342 0.002945 25
44.851000 6.726097 -0.005069 -0.228736 -0.706854 0.707338 -0.003996 0.003845 26
45.914000 6.953421 -0.004052 -0.227168 -0.706985 0.707211 -0.003684 0.003377 27
47.036000 7.169306 -0.003450 -0.225232 -0.707067 0.707125 -0.004076 0.003692 28
48.056000 7.338367 -0.004006 -0.224308 0.707100 -0.707095 0.003876 -0.003421 29
49.117000 7.520564 -0.007387 -0.223757 -0.706971 0.707228 -0.003173 0.003225 30
50.227000 7.659459 -0.007081 -0.222086 -0.707041 0.707152 -0.003750 0.003838 31
52.447000 7.844441 -0.006918 -0.220853 -0.706834 0.707359 -0.003767 0.003835 33
63.298000 7.898651 0.119668 -0.220729 -0.706702 0.707500 -0.003229 0.002587 43
67.595000 7.909329 0.249406 -0.219486 -0.706866 0.707335 -0.003347 0.002627 47
70.866000 7.834913 0.352716 -0.215696 -0.706676 0.707510 -0.004492 0.004252 50
74.147000 7.855266 0.475756 -0.216832 -0.706948 0.707246 -0.003748 0.003810 53
77.402000 7.885859 0.600626 -0.220278 -0.706938 0.707265 -0.002836 0.002719 56
80.572000 7.897953 0.721205 -0.221923 -0.706763 0.707440 -0.003202 0.002077 59
84.862000 7.899650 0.850439 -0.221868 -0.706725 0.707480 -0.002705 0.002289 63
90.385000 7.897882 0.969855 -0.222828 -0.706772 0.707431 -0.003093 0.002247 68
98.008000 7.720042 0.996699 -0.222980 -0.706788 0.707407 -0.003893 0.003396 75
99.010000 7.613699 0.995393 -0.223653 -0.706733 0.707464 -0.003532 0.003275 76
100.113000 7.465706 0.997268 -0.224994 -0.706819 0.707378 -0.003708 0.003191 77
101.133000 7.303582 0.996800 -0.225228 -0.706862 0.707335 -0.003630 0.003155 78
102.253000 7.105932 0.995979 -0.227430 -0.706807 0.707392 -0.003393 0.003083 79
103.312000 6.893668 0.999806 -0.230461 -0.706775 0.707417 -0.004327 0.003422 80
104.360000 6.668568 0.998557 -0.231298 -0.706797 0.707403 -0.003382 0.002752 81
105.374000 6.435452 0.999306 -0.233848 -0.706749 0.707442 -0.004323 0.003616 82
106.478000 6.163627 0.999415 -0.236702 -0.706731 0.707458 -0.004421 0.003820 83
107.678000 5.852446 1.000301 -0.239006 -0.706714 0.707476 -0.004384 0.003719 84
108.731000 5.569244 1.001382 -0.241574 -0.706776 0.707423 -0.003559 0.002769 85
109.782000 5.273380 0.999920 -0.243061 -0.706750 0.707439 -0.004386 0.003910 86
110.825000 4.969728 1.002194 -0.245877 -0.706789 0.707406 -0.004057 0.003279 87
111.832000 4.674325 1.001942 -0.248201 -0.706765 0.707433 -0.003541 0.002845 88
112.963000 4.335363 0.998823 -0.248945 -0.706888 0.707305 -0.003773 0.003758 89
114.019000 4.018295 1.002473 -0.253747 -0.707072 0.707124 -0.003859 0.003097 90
115.167000 3.666415 0.999239 -0.258410 0.707402 -0.706793 0.003758 -0.003469 91
116.264000 3.342770 0.994159 -0.259947 0.707744 -0.706450 0.003401 -0.003844 92
117.318000 3.023382 0.995134 -0.263745 0.708134 -0.706062 0.003467 -0.003271 93
118.457000 2.692210 0.994818 -0.269101 0.708128 -0.706069 0.003527 -0.003024 94
119.509000 2.411202 0.994767 -0.271398 0.707948 -0.706259 0.002338 -0.001493 95
120.519000 2.137059 0.993320 -0.276491 0.707678 -0.706533 0.001685 -0.000566 96
121.586000 1.856129 0.990366 -0.276990 0.707620 -0.706591 0.001722 -0.000903 97
122.593000 1.600877 0.991970 -0.278104 0.707364 -0.706847 0.001830 -0.000648 98
123.598000 1.346825 0.979126 -0.277248 0.707570 -0.706636 0.001642 -0.002728 99
124.675000 1.098897 0.981065 -0.277767 0.707567 -0.706639 0.002052 -0.002523 100
125.706000 0.880252 0.986064 -0.279176 0.707405 -0.706802 0.002431 -0.001944 101
126.795000 0.669463 0.985959 -0.280808 0.707479 -0.706727 0.002399 -0.002018 102
127.883000 0.477788 0.978818 -0.282465 0.707508 -0.706698 0.001720 -0.002628 103
128.912000 0.319092 0.979115 -0.283913 0.707506 -0.706702 0.001612 -0.002451 104
129.990000 0.179501 0.977385 -0.284564 0.707540 -0.706668 0.001433 -0.002506 105
130.991000 0.071640 0.977858 -0.285427 0.707480 -0.706727 0.001479 -0.002471 106
133.085000 -0.071887 0.977236 -0.286961 0.707632 -0.706576 0.001251 -0.002342 108
142.718000 -0.100560 1.089768 -0.286220 0.707543 -0.706662 0.002351 -0.002714 117
146.821000 -0.103221 1.205299 -0.285938 0.707540 -0.706662 0.002461 -0.003129 121
149.939000 -0.102460 1.307824 -0.285867 0.707611 -0.706591 0.002231 -0.003340 124
153.135000 -0.102769 1.425699 -0.285614 0.707498 -0.706704 0.002263 -0.003187 127
156.298000 -0.101898 1.546125 -0.285616 0.707493 -0.706710 0.002460 -0.002767 130
159.483000 -0.105021 1.656651 -0.285151 0.707616 -0.706584 0.002508 -0.003411 133
162.619000 -0.101752 1.765959 -0.285965 0.707443 -0.706760 0.002518 -0.002765 136
166.794000 -0.106304 1.878616 -0.285273 0.707495 -0.706705 0.002816 -0.003282 140
177.464000 0.019193 1.972897 -0.284903 0.707471 -0.706735 0.001935 -0.002577 150
178.529000 0.126230 1.971824 -0.282404 0.707426 -0.706782 0.001529 -0.002430 151
179.600000 0.256059 1.978518 -0.283677 0.707386 -0.706823 0.001948 -0.001537 152
180.709000 0.415466 1.976550 -0.281756 0.707351 -0.706857 0.001947 -0.002044 153
181.853000 0.610322 1.970751 -0.280004 0.707345 -0.706861 0.001469 -0.002689 154
182.980000 0.818006 1.974213 -0.278381 0.707342 -0.706865 0.001844 -0.002479 155
184.023000 1.042264 1.975718 -0.277162 0.707277 -0.706931 0.001790 -0.002087 156
185.033000 1.264128 1.973016 -0.274038 0.707304 -0.706899 0.002167 -0.003192 157
186.103000 1.512911 1.970470 -0.270029 0.707283 -0.706918 0.002031 -0.003609 158
187.103000 1.770885 1.974675 -0.269403 0.707245 -0.706961 0.001809 -0.002643 159
188.103000 2.043020 1.978755 -0.271458 0.707498 -0.706713 0.001096 -0.001186 160
189.148000 2.331875 1.975644 -0.271707 0.707634 -0.706576 0.001031 -0.001821 161
190.285000 2.657576 1.984357 -0.272539 0.707726 -0.706487 0.000229 0.000411 162
191.394000 2.963510 1.986688 -0.267845 0.708412 -0.705796 0.001602 -0.001173 163
192.443000 3.265834 1.995106 -0.262156 -0.706296 0.707904 -0.003257 0.002721 164
193.556000 3.591480 1.981168 -0.256512 -0.706583 0.707615 -0.001671 0.004416 165
194.594000 3.902957 1.980947 -0.253661 0.707398 -0.706805 0.001043 -0.003692 166
195.796000 4.266033 1.981046 -0.250124 0.707901 -0.706301 0.001141 -0.003770 167
197.020000 4.634759 1.984732 -0.248398 0.708056 -0.706147 0.001499 -0.003426 168
198.060000 4.944509 1.984587 -0.245431 0.708295 -0.705907 0.001363 -0.003386 169
199.111000 5.257921 1.985505 -0.243206 0.708192 -0.706017 -0.000069 -0.002002 170
200.124000 5.546710 1.983948 -0.241622 0.708304 -0.705903 0.000043 -0.002374 171
201.360000 5.877842 1.987271 -0.240001 0.708949 -0.705255 0.000737 -0.002413 172
202.369000 6.140637 1.991273 -0.239855 0.709238 -0.704966 0.000881 -0.001902 173
203.423000 6.404531 1.990825 -0.238201 0.709249 -0.704953 0.001050 -0.002367 174
204.554000 6.670673 1.993383 -0.237940 0.709394 -0.704808 0.001135 -0.002109 175
205.578000 6.885752 1.995580 -0.237105 0.709604 -0.704596 0.001557 -0.002164 176
206.676000 7.103335 1.999829 -0.236305 0.709639 -0.704558 0.002214 -0.002187 177
207.701000 7.283996 2.002525 -0.235734 0.709610 -0.704585 0.002885 -0.002402 178
208.820000 7.465979 2.001305 -0.234357 0.709485 -0.704712 0.002447 -0.002442 179
209.858000 7.602674 2.006243 -0.234363 0.710543 -0.703640 0.003015 -0.003322 180
211.016000 7.731029 2.003196 -0.231453 0.710741 -0.703440 0.002157 -0.003857 181
213.274000 7.878690 2.008626 -0.231221 0.709571 -0.704620 0.002401 -0.003752 183
222.996000 7.894942 2.121707 -0.230055 -0.705781 0.708419 -0.002869 0.002664 192
227.395000 7.904653 2.256283 -0.231656 -0.705160 0.709044 -0.001900 0.001544 196
230.636000 7.900581 2.361920 -0.229566 -0.705042 0.709158 -0.001322 0.002835 199
233.794000 7.900249 2.475118 -0.230744 -0.705241 0.708962 -0.001422 0.002659 202
236.915000 7.900269 2.600612 -0.232548 -0.706113 0.708095 -0.001729 0.002031 205
240.133000 7.899168 2.716145 -0.231003 0.707407 -0.706802 0.001607 -0.002069 208
242.333000 7.903189 2.782129 -0.230317 0.708383 -0.705825 0.000674 -0.002051 210
246.636000 7.900544 2.903821 -0.230009 0.710561 -0.703632 0.001040 -0.001941 214
252.062000 7.899576 3.003716 -0.233882 0.712128 -0.702047 0.001752 -0.001223 219
255.236000 7.895434 3.001985 -0.228808 0.713872 -0.700268 0.001737 -0.002948 222
257.381000 7.775953 3.005021 -0.231864 0.712338 -0.701825 0.003005 -0.002737 224
259.560000 7.547141 3.003835 -0.231476 0.711138 -0.703046 0.002386 -0.001866 226
260.650000 7.382565 3.006776 -0.236162 0.710109 -0.704081 0.003413 -0.001714 227
261.720000 7.198852 3.006901 -0.235909 0.709292 -0.704898 0.004392 -0.002032 228
262.917000 6.982856 2.997096 -0.233714 0.708797 -0.705406 0.002345 -0.001904 229
264.033000 6.759661 2.985406 -0.233805 0.708132 -0.706078 -0.000072 -0.001757 230
265.122000 6.502132 2.998445 -0.238838 0.707675 -0.706532 0.002737 -0.001511 231
266.176000 6.251925 2.992803 -0.235839 0.707492 -0.706714 0.002332 -0.002293 232
267.200000 5.973420 2.997309 -0.240447 0.707801 -0.706394 0.004069 -0.002819 233
268.391000 5.663237 2.995291 -0.240830 0.707520 -0.706682 0.003098 -0.002287 234
269.520000 5.335507 3.008198 -0.248291 0.707827 -0.706363 0.005341 -0.001847 235
270.676000 5.003221 3.000576 -0.249839 0.707926 -0.706262 0.005128 -0.002826 236
271.896000 4.647133 2.979065 -0.239494 0.708909 -0.705286 0.002216 -0.004000 237
273.119000 4.270288 2.972677 -0.241958 -0.706097 0.708094 -0.002223 0.005016 238
274.176000 3.955483 2.980058 -0.248487 -0.707037 0.707155 -0.003042 0.004488 239
275.335000 3.612630 2.980215 -0.252173 -0.706529 0.707668 -0.001601 0.004420 240
276.351000 3.313272 2.987372 -0.261762 0.710170 -0.704018 0.002521 -0.003233 241
277.429000 2.998648 2.978997 -0.264622 0.709427 -0.704769 0.001932 -0.003292 242
278.494000 2.693999 2.966516 -0.262135 0.708970 -0.705218 0.001799 -0.005174 243
279.656000 2.364909 2.969470 -0.265867 0.708454 -0.705737 0.002263 -0.004663 244
280.848000 2.052361 2.964378 -0.269311 0.707987 -0.706221 -0.000353 -0.002632 245
281.993000 1.749178 2.966634 -0.270769 0.707855 -0.706342 0.001874 -0.004332 246
283.052000 1.477547 2.964869 -0.271580 0.708045 -0.706152 0.001566 -0.004395 247
284.145000 1.223189 2.955122 -0.272756 0.708128 -0.706068 0.000189 -0.004703 248
285.260000 0.984089 2.962746 -0.277114 0.708236 -0.705966 0.000874 -0.003599 249
286.328000 0.758395 2.964457 -0.280317 0.708425 -0.705772 0.001761 -0.004176 250
287.444000 0.554157 2.963433 -0.281972 0.708565 -0.705633 0.001386 -0.003971 251
288.504000 0.384984 2.956630 -0.280595 0.709360 -0.704832 0.000827 -0.004454 252
289.537000 0.237595 2.955233 -0.283242 0.709833 -0.704355 0.000769 -0.004442 253
290.699000 0.110614 2.957151 -0.284101 0.710207 -0.703984 0.000549 -0.003542 254
291.709000 0.006129 2.971947 -0.290906 0.710291 -0.703894 0.003119 -0.003246 255
293.773000 -0.097761 2.968933 -0.292074 0.709785 -0.704404 0.003147 -0.003250 257
303.102000 -0.106686 3.089567 -0.292239 0.709464 -0.704719 0.004304 -0.003790 266
307.354000 -0.113220 3.214102 -0.291686 0.709408 -0.704769 0.004729 -0.004316 270
310.662000 -0.105465 3.326033 -0.292007 0.709193 -0.704995 0.003873 -0.003635 273
313.882000 -0.107864 3.444860 -0.292326 0.709335 -0.704850 0.004079 -0.003575 276
317.043000 -0.105700 3.563519 -0.293011 0.709380 -0.704808 0.003752 -0.003341 279
320.356000 -0.115311 3.682060 -0.291992 0.709923 -0.704254 0.004333 -0.004126 282
323.496000 -0.111376 3.783385 -0.292725 0.710260 -0.703919 0.004014 -0.003593 285
327.588000 -0.115030 3.887123 -0.291407 0.710639 -0.703534 0.003823 -0.004148 289
338.185000 0.082681 3.966799 -0.290605 0.710524 -0.703663 0.002447 -0.002729 299
339.191000 0.192580 3.965622 -0.288689 0.710582 -0.703603 0.002421 -0.003243 300
340.234000 0.338009 3.967072 -0.287418 0.710575 -0.703607 0.002602 -0.003533 301
341.257000 0.500060 3.967577 -0.285675 0.710478 -0.703709 0.002028 -0.003342 302
342.396000 0.697597 3.970829 -0.282951 0.710504 -0.703679 0.002444 -0.003728 303
343.503000 0.929445 3.970102 -0.278521 0.710082 -0.704111 0.001178 -0.003224 304
344.579000 1.160645 3.976642 -0.279737 0.709869 -0.704325 0.001839 -0.003031 305
345.621000 1.396878 3.975320 -0.276161 0.709873 -0.704309 0.002685 -0.004594 306
346.646000 1.659856 3.978607 -0.273272 0.708994 -0.705198 0.002278 -0.004318 307
347.708000 1.927458 3.981271 -0.270077 0.708723 -0.705470 0.002266 -0.004233 308
348.735000 2.209546 3.980833 -0.268275 0.708329 -0.705861 0.002449 -0.004899 309
349.765000 2.493673 3.981813 -0.264632 0.708023 -0.706171 0.002096 -0.004625 310
350.769000 2.782654 3.985180 -0.262746 0.707462 -0.706735 0.002176 -0.004419 311
351.805000 3.085780 3.982979 -0.259266 -0.706735 0.707460 -0.001936 0.004743 312
352.829000 3.379593 3.985364 -0.252401 -0.706300 0.707876 -0.003641 0.006176 313
353.870000 3.688316 3.985161 -0.247671 -0.705412 0.708761 -0.003632 0.006199 314
354.929000 4.012894 3.984924 -0.246857 -0.701793 0.712364 -0.002050 0.004554 315
356.089000 4.352224 3.980019 -0.242444 -0.705941 0.708261 -0.001019 0.003506 316
357.177000 4.674884 3.980780 -0.239683 -0.706500 0.707700 -0.001605 0.004004 317
358.336000 5.008166 3.982568 -0.236397 0.707449 -0.706743 0.002827 -0.004735 318
359.344000 5.290995 3.982252 -0.233871 0.707462 -0.706729 0.002900 -0.004866 319
360.425000 5.592370 3.982172 -0.231832 0.707440 -0.706758 0.002146 -0.004134 320
361.633000 5.910543 3.983551 -0.227775 0.707543 -0.706649 0.002818 -0.004736 321
362.732000 6.182561 3.976725 -0.225221 0.708004 -0.706184 0.002336 -0.005401 322
363.899000 6.458844 3.977973 -0.222640 0.708085 -0.706106 0.002063 -0.005061 323
364.904000 6.685353 3.978653 -0.220412 0.708116 -0.706077 0.001882 -0.004890 324
366.002000 6.913250 3.980099 -0.218382 0.708178 -0.706014 0.002078 -0.004947 325
367.098000 7.117075 3.979591 -0.215723 0.708161 -0.706028 0.002266 -0.005291 326
368.131000 7.291799 3.980453 -0.214241 0.708270 -0.705912 0.002790 -0.005738 327
369.207000 7.455225 3.982783 -0.213741 0.708321 -0.705870 0.002169 -0.004866 328
370.216000 7.582107 3.980077 -0.212300 0.708359 -0.705830 0.002077 -0.005292 329
371.375000 7.690671 3.979993 -0.209992 0.708550 -0.705633 0.002430 -0.005766 330
373.482000 7.816124 3.981587 -0.209883 0.708665 -0.705518 0.002468 -0.005648 332
383.235000 7.832782 4.106498 -0.210148 0.708709 -0.705486 0.001645 -0.004165 341
387.489000 7.835481 4.228331 -0.210712 0.708879 -0.705315 0.000862 -0.004525 345
390.896000 7.837791 4.347926 -0.209909 0.709118 -0.705078 0.001080 -0.003939 348
394.060000 7.835977 4.464375 -0.210993 0.709193 -0.705004 0.001072 -0.003804 351
397.395000 7.827763 4.587998 -0.208543 0.707222 -0.706981 0.001753 -0.003385 354
400.729000 7.838849 4.705031 -0.210123 0.708895 -0.705305 0.000986 -0.003394 357
404.047000 7.848350 4.810150 -0.212976 0.711695 -0.702477 0.000430 -0.004125 360
408.359000 7.842287 4.923991 -0.212841 0.711311 -0.702867 0.001338 -0.003718 364
418.125000 7.649162 4.979702 -0.212768 0.710209 -0.703970 0.002202 -0.005064 373
419.214000 7.523799 4.977149 -0.213358 0.709661 -0.704519 0.002372 -0.005428 374
420.283000 7.373055 4.971347 -0.210372 0.708442 -0.705734 0.002613 -0.006481 375
421.378000 7.204752 4.973031 -0.214680 0.708219 -0.705966 0.002055 -0.005717 376
422.442000 7.003683 4.971907 -0.215329 0.707734 -0.706453 0.002125 -0.005660 377
423.585000 6.779654 4.971420 -0.218012 -0.706957 0.707224 -0.002478 0.006272 378
424.658000 6.545402 4.970767 -0.219847 -0.706446 0.707739 -0.002022 0.005975 379
425.715000 6.302986 4.974131 -0.222853 -0.706133 0.708055 -0.001988 0.005462 380
426.832000 6.024402 4.972485 -0.224918 -0.705803 0.708383 -0.001695 0.005712 381
427.930000 5.740452 4.972663 -0.227748 -0.705366 0.708819 -0.001389 0.005701 382
428.938000 5.467472 4.977192 -0.230070 -0.705011 0.709173 -0.001718 0.005441 383
430.171000 5.121257 4.980035 -0.235548 -0.704699 0.709470 -0.002845 0.006544 384
431.279000 4.806709 4.978581 -0.237862 -0.703881 0.710281 -0.002359 0.006847 385
432.415000 4.484537 4.988677 -0.241678 -0.702735 0.711430 -0.001603 0.005325 386
433.493000 4.165467 4.991539 -0.243569 -0.702328 0.711827 -0.001790 0.005852 387
434.627000 3.828488 4.996675 -0.246615 -0.701819 0.712336 -0.001059 0.005130 388
435.674000 3.518250 5.001524 -0.248481 -0.701189 0.712950 -0.001541 0.005715 389
436.903000 3.156745 5.006032 -0.250262 -0.702786 0.711380 -0.001595 0.005243 390
438.063000 2.819681 5.010555 -0.253769 -0.704435 0.709753 -0.001526 0.004416 391
439.134000 2.517645 5.010668 -0.255188 -0.705595 0.708609 -0.000335 0.003054 392
440.263000 2.201349 5.012172 -0.258202 -0.705443 0.708756 -0.001087 0.003710 393
441.441000 1.891273 5.013806 -0.260998 -0.705442 0.708763 0.000563 0.002278 394
442.607000 1.584403 5.014899 -0.261605 -0.705321 0.708876 -0.001058 0.004008 395
443.644000 1.334749 5.017941 -0.263991 -0.705286 0.708918 -0.000093 0.002699 396
444.698000 1.091252 5.021146 -0.266508 -0.705171 0.709027 -0.001256 0.003537 397
445.722000 0.867486 5.015171 -0.268082 -0.705092 0.709101 -0.000718 0.004511 398
446.729000 0.670483 5.016402 -0.270656 -0.704997 0.709196 -0.000624 0.004446 399
447.804000 0.481574 5.019814 -0.273004 -0.704654 0.709535 -0.001026 0.004596 400
448.807000 0.328349 5.022085 -0.273825 -0.704642 0.709552 -0.000632 0.003914 401
449.808000 0.185222 5.026885 -0.277015 -0.704557 0.709633 -0.001350 0.004335 402
450.933000 0.050410 5.031008 -0.278241 -0.704161 0.710021 -0.002155 0.004848 403
453.082000 -0.093321 5.027136 -0.282380 -0.703955 0.710225 -0.001241 0.005076 405
462.821000 -0.125698 5.139624 -0.281808 -0.703718 0.710448 -0.002537 0.006261 414
467.234000 -0.117080 5.265692 -0.281462 -0.703838 0.710334 -0.001658 0.005877 418
470.408000 -0.120573 5.377557 -0.281000 -0.703907 0.710262 -0.002457 0.006058 421
473.590000 -0.128076 5.492812 -0.280166 -0.703792 0.710364 -0.003109 0.007008 424
476.925000 -0.117589 5.614720 -0.279833 -0.703970 0.710198 -0.002134 0.006465 427
480.089000 -0.121414 5.732578 -0.278194 -0.704026 0.710139 -0.003126 0.006443 430
483.240000 -0.118301 5.832860 -0.278345 -0.704152 0.710013 -0.002528 0.006646 433
487.519000 -0.120795 5.945318 -0.277372 -0.704378 0.709785 -0.003133 0.006764 437
498.062000 0.064435 6.023098 -0.275040 -0.704571 0.709609 -0.002023 0.005601 447
499.123000 0.183368 6.020071 -0.274074 -0.704787 0.709394 -0.001773 0.005634 448
500.201000 0.324584 6.020899 -0.271999 -0.704812 0.709369 -0.002014 0.005629 449
501.260000 0.499303 6.023454 -0.270791 -0.705051 0.709138 -0.001925 0.004764 450
502.397000 0.712983 6.030002 -0.265672 -0.705127 0.709075 -0.001496 0.002639 451
503.456000 0.914076 6.018280 -0.265598 -0.705500 0.708690 -0.001840 0.005093 452
504.531000 1.157746 6.017589 -0.264511 -0.705714 0.708485 -0.000993 0.004028 453
505.601000 1.406010 6.008344 -0.264135 -0.705866 0.708333 0.000549 0.004091 454
506.643000 1.644389 6.003113 -0.253513 -0.705723 0.708448 -0.001872 0.007326 455
507.660000 1.918671 6.014276 -0.255613 -0.705764 0.708433 -0.001392 0.004274 456
508.809000 2.237366 6.009278 -0.254835 -0.705514 0.708688 0.000027 0.003460 457
509.840000 2.527720 6.006163 -0.251849 -0.705538 0.708662 -0.000207 0.003887 458
510.876000 2.820607 6.000651 -0.249375 -0.704327 0.709867 0.000984 0.003431 459
512.007000 3.151624 6.000226 -0.246741 -0.703665 0.710524 0.000751 0.003307 460
513.155000 3.487494 5.999741 -0.244558 -0.703461 0.710720 -0.000556 0.004356 461
514.261000 3.811533 5.997410 -0.240813 -0.703561 0.710617 -0.001453 0.004891 462
515.268000 4.115344 5.996779 -0.239350 -0.703767 0.710416 -0.001498 0.004333 463
516.304000 4.418390 5.984529 -0.236659 -0.704551 0.709637 -0.000810 0.004761 464
517.414000 4.736054 5.979544 -0.235867 -0.704700 0.709478 -0.001503 0.006068 465
518.441000 5.036778 5.993654 -0.230241 -0.704692 0.709494 -0.003015 0.004130 466
519.471000 5.320939 5.977760 -0.228348 -0.704672 0.709510 -0.001416 0.005574 467
520.515000 5.611090 5.985853 -0.225311 -0.705210 0.708980 -0.002388 0.004506 468
521.664000 5.906826 5.985314 -0.222891 -0.705336 0.708847 -0.003215 0.005248 469
522.755000 6.185471 5.977630 -0.219576 -0.705603 0.708580 -0.002404 0.005781 470
523.828000 6.441411 5.972432 -0.216358 -0.705811 0.708368 -0.002082 0.006417 471
524.859000 6.681297 5.977862 -0.216514 -0.705894 0.708300 -0.001588 0.004665 472
525.916000 6.899382 5.972547 -0.214903 -0.705974 0.708216 -0.001359 0.005375 473
527.007000 7.099952 5.982519 -0.212232 -0.706114 0.708076 -0.002959 0.004688 474
528.144000 7.291042 5.981186 -0.210448 -0.706130 0.708053 -0.003504 0.005379 475
529.285000 7.459967 5.979029 -0.209018 -0.706451 0.707741 -0.002621 0.004727 476
530.369000 7.589179 5.979675 -0.207697 -0.706466 0.707724 -0.002925 0.004956 477
531.415000 7.693056 5.980140 -0.206053 -0.706779 0.707413 -0.002846 0.004730 478
533.532000 7.809740 5.979217 -0.205220 -0.706803 0.707387 -0.002953 0.005005 480
543.111000 7.827113 6.098631 -0.204604 -0.706917 0.707285 -0.001874 0.003554 489
545.212000 7.826640 6.156443 -0.204981 0.707222 -0.706981 0.001788 -0.003457 491
549.519000 7.827044 6.295661 -0.204702 0.707212 -0.706990 0.001677 -0.003506 495
552.702000 7.824071 6.412564 -0.203435 0.709196 -0.705000 0.001092 -0.003865 498
556.021000 7.824376 6.533766 -0.203871 0.708409 -0.705789 0.001059 -0.004031 501
558.174000 7.827350 6.615946 -0.203823 0.707210 -0.706993 0.001694 -0.003371 503
561.473000 7.821899 6.726513 -0.202787 0.711690 -0.702480 0.000333 -0.004486 506
565.751000 7.825652 6.858672 -0.202576 0.710259 -0.703931 0.000917 -0.003510 510
569.997000 7.827439 6.946054 -0.202288 0.708883 -0.705318 0.001249 -0.003109 514
577.475000 7.693452 6.977432 -0.201902 0.709059 -0.705127 0.002759 -0.004873 521
578.476000 7.600529 6.977606 -0.204154 0.708773 -0.705416 0.002871 -0.004653 522
579.506000 7.480909 6.979316 -0.205066 0.708798 -0.705394 0.002802 -0.004125 523
580.579000 7.325835 6.974746 -0.205452 0.708803 -0.705385 0.002737 -0.004921 524
581.624000 7.154123 6.974811 -0.206693 0.708775 -0.705416 0.002485 -0.004452 525
582.736000 6.948171 6.973496 -0.208900 0.708853 -0.705339 0.002332 -0.004297 526
583.819000 6.729057 6.971771 -0.210982 0.708781 -0.705409 0.002540 -0.004611 527
584.849000 6.506483 6.973681 -0.212243 0.708751 -0.705446 0.002035 -0.003612 528
585.914000 6.256501 6.969031 -0.212691 0.708882 -0.705311 0.002071 -0.004373 529
586.993000 5.990113 6.964450 -0.215201 0.708864 -0.705324 0.002182 -0.005002 530
588.113000 5.697332 6.964272 -0.216271 0.708876 -0.705319 0.001355 -0.004162 531
589.312000 5.372694 6.966069 -0.219589 0.708814 -0.705380 0.002112 -0.004121 532
590.484000 5.042916 6.964035 -0.222579 0.708782 -0.705409 0.002352 -0.004457 533
591.501000 4.746247 6.962003 -0.226972 0.708483 -0.705704 0.002717 -0.005052 534
592.567000 4.446128 6.963037 -0.225406 0.708506 -0.705693 0.001607 -0.003607 535
593.655000 4.118693 6.975200 -0.230133 0.707651 -0.706557 0.001626 -0.002064 536
594.714000 3.801416 6.975547 -0.235143 0.707682 -0.706515 0.003362 -0.003373 537
595.781000 3.484302 6.974880 -0.238225 0.707472 -0.706723 0.003496 -0.003684 538
596.942000 3.140752 6.980105 -0.239421 0.707335 -0.706869 0.002994 -0.002172 539
598.092000 2.811001 6.981102 -0.240317 0.707253 -0.706947 0.003527 -0.002403 540
599.277000 2.464398 6.974421 -0.243253 0.707301 -0.706899 0.003173 -0.003042 541
600.342000 2.179757 6.980659 -0.244033 0.707400 -0.706811 0.001602 -0.000527 542
601.351000 1.901078 6.974979 -0.249577 0.707443 -0.706765 0.002046 -0.001694 543
602.420000 1.638623 6.969295 -0.247456 0.708216 -0.705996 0.000133 -0.000562 544
603.565000 1.362610 6.969970 -0.247132 0.708014 -0.706198 0.000251 -0.000420 545
604.616000 1.117781 6.971696 -0.249566 0.707921 -0.706291 0.000892 -0.000576 546
605.633000 0.902361 6.968402 -0.250488 0.708195 -0.706016 -0.000033 -0.000152 547
606.649000 0.706074 6.967801 -0.250634 0.708060 -0.706152 -0.000224 -0.000066 548
607.658000 0.527264 6.962235 -0.250820 0.708165 -0.706046 -0.000582 -0.000574 549
608.778000 0.343994 6.967668 -0.252969 0.707949 -0.706263 0.000811 -0.000910 550
609.870000 0.196390 6.965871 -0.253669 0.707980 -0.706231 0.000866 -0.001137 551
610.879000 0.086623 6.969644 -0.253705 0.707991 -0.706220 0.001145 -0.000532 552
613.049000 -0.064562 6.966686 -0.254634 0.708072 -0.706140 0.000792 -0.000395 554
622.780000 -0.094579 7.075328 -0.255092 0.708135 -0.706074 0.001638 -0.001201 563
626.943000 -0.093214 7.193491 -0.254974 0.708215 -0.705995 0.001343 -0.001105 567
630.208000 -0.096119 7.304073 -0.254701 0.708333 -0.705875 0.001659 -0.001190 570
633.339000 -0.095692 7.417250 -0.255014 0.708401 -0.705807 0.001479 -0.001349 573
636.521000 -0.093536 7.533937 -0.254295 0.708407 -0.705803 0.001088 -0.001149 576
639.739000 -0.092353 7.649515 -0.254401 0.708519 -0.705691 0.000714 -0.000994 579
642.957000 -0.099335 7.753190 -0.253424 0.708400 -0.705808 0.001305 -0.001853 582
647.102000 -0.097630 7.867912 -0.254672 0.708463 -0.705746 0.001325 -0.001252 586
657.717000 0.052016 7.955198 -0.253823 0.708369 -0.705842 -0.000056 -0.000394 596
658.814000 0.163048 7.955925 -0.253280 0.708439 -0.705772 0.000058 -0.000487 597
659.903000 0.301830 7.953907 -0.252429 0.708445 -0.705766 -0.000282 -0.000670 598
660.923000 0.455009 7.955081 -0.252440 0.708354 -0.705856 0.000061 -0.000991 599
661.962000 0.631163 7.957134 -0.251082 0.708493 -0.705718 -0.000043 -0.000586 600
663.050000 0.839629 7.957485 -0.250151 0.708443 -0.705766 0.000467 -0.001293 601
664.118000 1.061607 7.958581 -0.248941 0.708445 -0.705765 0.000292 -0.001090 602
665.142000 1.295674 7.960680 -0.248568 0.708397 -0.705813 0.000593 -0.001204 603
666.260000 1.567414 7.957416 -0.246229 0.708363 -0.705848 -0.000513 -0.000990 604
667.302000 1.816610 7.962420 -0.246579 0.708429 -0.705779 0.001102 -0.001847 605
668.331000 2.100310 7.968358 -0.245833 0.708415 -0.705794 0.001136 -0.001216 606
669.431000 2.397809 7.968893 -0.243373 0.708308 -0.705900 0.001470 -0.001693 607
670.445000 2.685496 7.968447 -0.241187 0.708342 -0.705864 0.001875 -0.002282 608
671.467000 2.981270 7.972151 -0.240839 0.708024 -0.706185 0.001523 -0.001463 609
672.497000 3.281897 7.971000 -0.238905 0.707880 -0.706330 0.001432 -0.001562 610
673.531000 3.589014 7.968616 -0.237297 0.707852 -0.706351 0.002318 -0.002758 611
674.643000 3.921419 7.967440 -0.235851 0.707788 -0.706413 0.002544 -0.003129 612
675.749000 4.245267 7.963588 -0.233556 0.707897 -0.706303 0.002404 -0.003640 613
676.803000 4.567271 7.973059 -0.229897 0.707913 -0.706299 0.001322 -0.000607 614
677.847000 4.869995 7.966923 -0.229582 0.708359 -0.705848 0.001721 -0.001945 615
678.973000 5.175579 7.968788 -0.227004 0.708624 -0.705578 0.002230 -0.002506 616
680.093000 5.484955 7.966274 -0.224437 0.708743 -0.705457 0.002125 -0.003074 617
681.099000 5.751756 7.965494 -0.221333 0.708645 -0.705552 0.002312 -0.003591 618
682.132000 6.019581 7.968665 -0.219632 0.708705 -0.705486 0.003118 -0.004156 619
683.173000 6.288106 7.976109 -0.220640 0.708580 -0.705624 0.002200 -0.002056 620
684.238000 6.517512 7.973834 -0.215399 0.708953 -0.705228 0.004173 -0.004721 621
685.240000 6.735990 7.976254 -0.214688 0.708889 -0.705290 0.004292 -0.004903 622
686.270000 6.950385 7.976860 -0.211821 0.709150 -0.705043 0.003046 -0.003538 623
687.366000 7.147828 7.971394 -0.208443 0.709155 -0.705031 0.003092 -0.004587 624
688.464000 7.325595 7.975283 -0.207014 0.709223 -0.704961 0.003436 -0.004569 625
689.555000 7.482580 7.980479 -0.207735 0.709141 -0.705046 0.003550 -0.004130 626
690.648000 7.609521 7.980573 -0.205433 0.709061 -0.705125 0.003576 -0.004230 627
692.774000 7.769590 7.970740 -0.201236 0.709091 -0.705092 0.002759 -0.005296 629
