#timestamp x y z qx qy qz qw id
17.813000 0.078903 -0.005268 0.312876 0.707124 -0.707088 0.000574 -0.001276 1
18.826000 0.288736 -0.000555 0.224958 0.707284 -0.706902 0.004497 -0.004322 2
19.914000 0.525021 -0.002052 0.204039 0.707173 -0.707027 0.003014 -0.003192 3
20.937000 0.780372 0.002059 0.197168 0.707194 -0.707001 0.003869 -0.003347 4
22.047000 1.111022 -0.002012 0.190878 0.707115 -0.707078 0.003678 -0.003919 5
23.221000 1.492105 -0.002075 0.188907 0.707145 -0.707054 0.003073 -0.003206 6
24.438000 1.883565 0.000600 0.183169 -0.707048 0.707136 -0.004686 0.004433 7
25.440000 2.250782 0.000510 0.185616 0.707231 -0.706950 0.004834 -0.004671 8
26.529000 2.680657 0.001511 0.184480 0.707494 -0.706700 0.003845 -0.003660 9
27.550000 3.049798 -0.003653 0.191054 0.707288 -0.706879 0.005388 -0.006085 10
28.668000 3.490082 -0.001158 0.195256 0.707375 -0.706809 0.004422 -0.004712 11
29.762000 3.922210 0.000676 0.198852 0.707390 -0.706782 0.005416 -0.005422 12
30.872000 4.401134 -0.000736 0.202710 0.707227 -0.706962 0.004037 -0.004339 13
32.067000 4.855803 -0.002043 0.209187 0.707163 -0.707017 0.004618 -0.005137 14
33.154000 5.251208 0.000843 0.216123 0.707371 -0.706786 0.006312 -0.006338 15
34.303000 5.664336 0.002439 0.222599 0.707378 -0.706786 0.006003 -0.005813 16
35.324000 6.025990 0.000893 0.228184 0.707343 -0.706817 0.006122 -0.006238 17
36.329000 6.357846 0.002266 0.233289 0.707332 -0.706826 0.006318 -0.006241 18
37.456000 6.685803 0.002886 0.238836 0.707366 -0.706775 0.007210 -0.007102 19
38.477000 6.959609 0.001648 0.242341 0.707554 -0.706595 0.006658 -0.006872 20
39.518000 7.220852 0.003936 0.245292 0.707609 -0.706539 0.006889 -0.006719 21
40.581000 7.396297 0.004193 0.250389 0.707519 -0.706614 0.007614 -0.007457 22
41.734000 7.581169 0.000842 0.251093 0.707251 -0.706884 0.007279 -0.007648 23
42.867000 7.703203 0.002016 0.253575 -0.707063 0.707066 -0.007702 0.007757 24
44.954000 7.810535 0.003907 0.253878 -0.707069 0.707102 -0.005827 0.005191 26
50.504000 7.780767 0.109571 0.253902 -0.706943 0.707225 -0.005862 0.005531 31
53.654000 7.785326 0.233202 0.254446 -0.707059 0.707107 -0.006077 0.005486 34
56.890000 7.750808 0.381508 0.257685 0.707329 -0.706818 0.007268 -0.006375 37
58.932000 7.750095 0.483252 0.257892 0.707326 -0.706820 0.007301 -0.006472 39
61.126000 7.748371 0.589335 0.258236 0.707298 -0.706845 0.007243 -0.006837 41
63.252000 7.750878 0.691249 0.258121 0.707314 -0.706834 0.006943 -0.006647 43
66.464000 7.752642 0.831257 0.257507 0.707322 -0.706829 0.006991 -0.006230 46
69.675000 7.748164 0.933602 0.258068 0.707245 -0.706898 0.007133 -0.006945 49
77.195000 7.552683 1.000490 0.253413 0.707278 -0.706836 0.008634 -0.008137 56
78.281000 7.377110 1.000609 0.250188 0.707288 -0.706816 0.009071 -0.008491 57
79.357000 7.166306 0.999787 0.246204 0.707264 -0.706866 0.007972 -0.007400 58
80.431000 6.909657 0.999022 0.241181 0.707281 -0.706852 0.007717 -0.007281 59
81.496000 6.621258 1.000822 0.234116 0.707291 -0.706826 0.008598 -0.007882 60
82.533000 6.308590 0.998333 0.229537 0.707085 -0.707048 0.007684 -0.007432 61
83.598000 5.964321 0.999630 0.222889 -0.707040 0.707084 -0.008245 0.007727 62
84.726000 5.567388 1.000210 0.215697 0.707130 -0.707007 0.007604 -0.007068 63
85.744000 5.193925 1.001318 0.210371 -0.707075 0.707077 -0.006967 0.006239 64
86.836000 4.780825 1.003999 0.202414 0.707112 -0.707043 0.006967 -0.005809 65
87.937000 4.352492 1.001320 0.196631 0.707158 -0.707002 0.006478 -0.005860 66
89.067000 3.905323 0.999790 0.188574 0.707244 -0.706917 0.006238 -0.005926 67
90.194000 3.456036 1.001516 0.182083 0.707462 -0.706693 0.006712 -0.006079 68
91.283000 3.022679 0.996419 0.175875 0.707652 -0.706500 0.006458 -0.006614 69
92.362000 2.603387 0.996986 0.168570 0.707550 -0.706617 0.005746 -0.005724 70
93.368000 2.226682 1.000134 0.160304 0.707536 -0.706636 0.005848 -0.005054 71
94.415000 1.851712 0.994673 0.155811 0.707399 -0.706776 0.005163 -0.005288 72
95.463000 1.497636 0.995993 0.152240 0.707391 -0.706807 0.003403 -0.003167 73
96.574000 1.138868 0.993851 0.147519 0.707342 -0.706840 0.004609 -0.004731 74
97.657000 0.826523 0.992295 0.143432 0.707443 -0.706748 0.003779 -0.004142 75
98.771000 0.534515 0.991418 0.139121 0.707310 -0.706880 0.003812 -0.004282 76
99.862000 0.291119 0.990851 0.135743 0.707352 -0.706841 0.003556 -0.004067 77
100.875000 0.101913 0.991714 0.132391 0.707325 -0.706865 0.003808 -0.004227 78
101.973000 -0.049477 0.990314 0.131122 0.707413 -0.706784 0.003072 -0.003699 79
103.016000 -0.150418 0.991830 0.128542 0.707360 -0.706836 0.003367 -0.003743 80
110.549000 -0.197382 1.103331 0.129169 0.707370 -0.706810 0.004981 -0.004739 87
113.719000 -0.201401 1.224288 0.128385 0.707461 -0.706715 0.005444 -0.004870 90
116.832000 -0.199542 1.365848 0.127867 0.707398 -0.706778 0.005243 -0.005028 93
120.124000 -0.197654 1.529618 0.128795 0.707424 -0.706756 0.005053 -0.004743 96
123.232000 -0.201570 1.683248 0.128639 0.707404 -0.706771 0.005602 -0.004857 99
126.551000 -0.194188 1.819085 0.129567 0.707497 -0.706686 0.004425 -0.004760 102
129.688000 -0.202441 1.921699 0.129627 0.707437 -0.706737 0.005039 -0.005444 105
137.104000 -0.012370 1.985391 0.131904 0.707390 -0.706809 0.002971 -0.003496 112
138.212000 0.159359 1.987693 0.133720 0.707366 -0.706833 0.003165 -0.003115 113
139.259000 0.368212 1.985592 0.137022 0.707467 -0.706730 0.003089 -0.003703 114
140.353000 0.618620 1.990008 0.139208 0.707439 -0.706748 0.004416 -0.004164 115
141.454000 0.922286 1.987886 0.144645 0.707423 -0.706772 0.003495 -0.003729 116
142.471000 1.226087 1.989820 0.149075 0.707457 -0.706740 0.003368 -0.003346 117
143.564000 1.587487 1.987418 0.154176 0.707485 -0.706714 0.002962 -0.003469 118
144.567000 1.938532 1.990592 0.156888 0.707465 -0.706736 0.002969 -0.002938 119
145.743000 2.364135 1.992020 0.163179 0.707639 -0.706545 0.004634 -0.004441 120
146.878000 2.784324 1.990373 0.172162 0.707783 -0.706401 0.004273 -0.004692 121
147.903000 3.191144 1.997168 0.175605 0.707892 -0.706298 0.004183 -0.003661 122
149.063000 3.646508 1.998034 0.185384 -0.701691 0.712383 -0.009937 0.006412 123
150.067000 4.046913 1.983776 0.197308 -0.701445 0.712628 -0.009137 0.007265 124
151.148000 4.475441 1.980200 0.204889 -0.701140 0.712889 -0.011034 0.008350 125
152.254000 4.902057 1.981021 0.211077 -0.701022 0.712999 -0.011875 0.007714 126
153.351000 5.314459 1.972318 0.222724 -0.701200 0.712811 -0.012189 0.008451 127
154.428000 5.700713 1.964284 0.232759 -0.701322 0.712695 -0.011756 0.008674 128
155.520000 6.079580 1.959343 0.244640 -0.701370 0.712653 -0.011581 0.008487 129
156.661000 6.432926 1.953064 0.252101 -0.701606 0.712398 -0.012186 0.009408 130
157.683000 6.730525 1.949058 0.260979 -0.701758 0.712256 -0.011933 0.009192 131
158.774000 7.018820 1.941701 0.268547 -0.701970 0.712062 -0.011048 0.009144 132
159.860000 7.250157 1.944733 0.274768 -0.702118 0.711869 -0.013072 0.010117 133
160.891000 7.439412 1.938854 0.280159 -0.702274 0.711718 -0.012611 0.010498 134
161.925000 7.591723 1.938487 0.285001 -0.702548 0.711455 -0.012406 0.010223 135
163.053000 7.700337 1.934565 0.288492 -0.702609 0.711393 -0.012163 0.010616 136
170.379000 7.745598 2.037676 0.290061 -0.702983 0.711069 -0.010674 0.009073 143
173.574000 7.747036 2.157711 0.289866 -0.703074 0.710978 -0.010691 0.009112 146
176.780000 7.750845 2.302322 0.289492 -0.703137 0.710922 -0.010296 0.009032 149
178.840000 7.752250 2.407917 0.289160 -0.703321 0.710741 -0.010355 0.008889 151
180.945000 7.753285 2.510869 0.288882 -0.703310 0.710753 -0.010095 0.009142 153
183.041000 7.759457 2.615779 0.286666 -0.703447 0.710631 -0.009826 0.008354 155
186.182000 7.751786 2.748976 0.288201 -0.703684 0.710376 -0.010321 0.009376 158
189.232000 7.754522 2.857275 0.286990 -0.703673 0.710391 -0.010288 0.009095 161
196.663000 7.627801 2.929259 0.284916 -0.703541 0.710486 -0.010971 0.010941 168
197.736000 7.481706 2.932938 0.279772 -0.703602 0.710442 -0.010495 0.010298 169
198.855000 7.286644 2.938537 0.274653 -0.703723 0.710341 -0.010046 0.009418 170
200.011000 7.024221 2.935982 0.269016 -0.703660 0.710377 -0.010529 0.010797 171
201.059000 6.749707 2.939618 0.260909 -0.703571 0.710494 -0.009549 0.009694 172
202.065000 6.457840 2.940714 0.254923 -0.703572 0.710467 -0.010265 0.010865 173
203.143000 6.117805 2.945843 0.244894 -0.703379 0.710685 -0.009330 0.009864 174
204.180000 5.766611 2.944132 0.238571 -0.703203 0.710823 -0.009811 0.011823 175
205.358000 5.344325 2.960562 0.222601 -0.703013 0.711034 -0.010254 0.009868 176
206.458000 4.940974 2.980329 0.208364 -0.702425 0.711647 -0.010264 0.007256 177
207.547000 4.517687 2.986771 0.197928 -0.701761 0.712307 -0.010268 0.006727 178
208.713000 4.065259 2.990960 0.189749 -0.701744 0.712321 -0.010269 0.006949 179
209.897000 3.586257 3.001363 0.177012 -0.698137 0.715817 -0.011830 0.008452 180
211.060000 3.118284 2.996993 0.173955 -0.701649 0.712410 -0.008759 0.009125 181
212.208000 2.681800 3.007675 0.165825 -0.704499 0.709618 -0.007933 0.007721 182
213.398000 2.235534 3.028411 0.145913 -0.706382 0.707762 -0.008675 0.004759 183
214.412000 1.866966 3.029368 0.139969 -0.706913 0.707241 -0.008147 0.004298 184
215.443000 1.517874 3.028263 0.133149 0.707760 -0.706418 0.006447 -0.002925 185
216.599000 1.142215 3.026409 0.126645 0.708005 -0.706146 0.007961 -0.004814 186
217.600000 0.851607 3.024314 0.121085 0.708379 -0.705796 0.006268 -0.003502 187
218.709000 0.555965 3.027880 0.115198 0.708207 -0.705949 0.007755 -0.004409 188
219.737000 0.317077 3.025286 0.109465 0.707705 -0.706455 0.007265 -0.004668 189
220.871000 0.109821 3.023048 0.105064 -0.706404 0.707755 -0.007035 0.005202 190
221.913000 -0.039089 3.025008 0.103418 -0.705893 0.708274 -0.006575 0.004529 191
223.985000 -0.199703 3.024491 0.095176 -0.704322 0.709816 -0.007434 0.006054 193
230.321000 -0.194216 3.128762 0.099849 -0.703229 0.710886 -0.008364 0.006380 199
233.706000 -0.184669 3.255086 0.102807 -0.702448 0.711672 -0.007428 0.005857 202
235.890000 -0.180838 3.356703 0.102718 -0.701447 0.712660 -0.007446 0.005648 204
238.071000 -0.192825 3.462878 0.097000 -0.700729 0.713337 -0.008913 0.007020 206
240.151000 -0.176478 3.570929 0.099321 -0.699958 0.714120 -0.007911 0.005392 208
242.198000 -0.173748 3.671607 0.098860 -0.699532 0.714536 -0.008017 0.005317 210
245.442000 -0.172811 3.816844 0.098062 -0.699019 0.715034 -0.008011 0.005879 213
248.664000 -0.174085 3.933207 0.098061 -0.698833 0.715210 -0.008191 0.006428 216
257.124000 0.022576 4.025938 0.101908 -0.698472 0.715595 -0.006710 0.004028 224
258.231000 0.198241 4.021854 0.105786 -0.698263 0.715797 -0.006895 0.004065 225
259.281000 0.398649 4.016944 0.108166 -0.698661 0.715405 -0.007163 0.004134 226
260.299000 0.642790 4.009266 0.114961 -0.698862 0.715215 -0.006568 0.003997 227
261.383000 0.932285 4.003605 0.120704 -0.699212 0.714870 -0.006872 0.004023 228
262.392000 1.226066 3.997377 0.126734 -0.700173 0.713924 -0.007246 0.004190 229
263.532000 1.598894 3.987273 0.134490 -0.701148 0.712955 -0.007826 0.005090 230
264.602000 1.970254 3.982509 0.140904 -0.702026 0.712107 -0.006966 0.003784 231
265.759000 2.398649 3.974540 0.147428 -0.704098 0.710039 -0.008059 0.005148 232
266.837000 2.809125 3.976032 0.156411 -0.706883 0.707276 -0.007838 0.004092 233
268.065000 3.284149 3.968447 0.167870 0.709422 -0.704731 0.007289 -0.004618 234
269.250000 3.742794 3.966236 0.181321 0.710260 -0.703870 0.007799 -0.006107 235
270.382000 4.193239 3.970885 0.190050 0.711195 -0.702939 0.007183 -0.005157 236
271.399000 4.602765 3.973440 0.198175 0.707864 -0.706314 0.005888 -0.003683 237
272.522000 5.042130 3.980433 0.204802 -0.705447 0.708712 -0.007343 0.004240 238
273.634000 5.459502 3.976329 0.211300 -0.703523 0.710606 -0.008216 0.005260 239
274.713000 5.848091 3.976029 0.216817 -0.701956 0.712175 -0.007183 0.003637 240
275.725000 6.189346 3.967500 0.222582 -0.700291 0.713804 -0.007555 0.004285 241
276.726000 6.508791 3.961543 0.227048 -0.698858 0.715204 -0.007795 0.004416 242
277.864000 6.836339 3.952203 0.234103 -0.697689 0.716344 -0.007802 0.004523 243
278.930000 7.110337 3.944680 0.238333 -0.696184 0.717799 -0.008270 0.004870 244
279.994000 7.343013 3.938767 0.241899 -0.694929 0.719006 -0.008819 0.005170 245
281.017000 7.524730 3.930908 0.244393 -0.694965 0.718974 -0.008663 0.004933 246
282.096000 7.671562 3.929169 0.247587 -0.695411 0.718535 -0.009194 0.005053 247
283.226000 7.772862 3.923474 0.248564 -0.695720 0.718238 -0.008973 0.005256 248
290.676000 7.810611 4.035227 0.248907 -0.696329 0.717675 -0.007489 0.003679 255
293.791000 7.815824 4.154787 0.247934 -0.696888 0.717134 -0.007291 0.003694 258
296.867000 7.817417 4.290096 0.247326 -0.698909 0.715156 -0.007547 0.004629 261
298.926000 7.827368 4.396422 0.246742 -0.698576 0.715488 -0.007269 0.003948 263
300.998000 7.822722 4.499028 0.247212 -0.697947 0.716091 -0.007976 0.004490 265
303.271000 7.827244 4.608786 0.246483 -0.697610 0.716421 -0.007890 0.004364 267
306.585000 7.837804 4.748623 0.244175 -0.697446 0.716592 -0.006938 0.004167 270
309.764000 7.843893 4.857467 0.243513 -0.697393 0.716646 -0.007000 0.003676 273
317.097000 7.656634 4.925551 0.240966 -0.697829 0.716184 -0.009165 0.005510 280
318.119000 7.501270 4.930206 0.237161 -0.698006 0.716023 -0.008658 0.004962 281
319.219000 7.281228 4.932269 0.235093 -0.697730 0.716274 -0.009299 0.006235 282
320.285000 7.028473 4.934228 0.230347 -0.698648 0.715378 -0.009016 0.006732 283
321.387000 6.735112 4.944114 0.226630 -0.699661 0.714396 -0.008835 0.005945 284
322.497000 6.395827 4.949319 0.220861 -0.700974 0.713104 -0.008889 0.006314 285
323.593000 6.037456 4.957302 0.214718 -0.701873 0.712222 -0.008894 0.005944 286
324.628000 5.672632 4.963264 0.208154 -0.702573 0.711548 -0.008058 0.004995 287
325.697000 5.282942 4.968374 0.202762 -0.703682 0.710441 -0.008675 0.005591 288
326.844000 4.843016 4.969560 0.195902 -0.704687 0.709480 -0.006389 0.003681 289
327.965000 4.393292 4.974560 0.185954 -0.705629 0.708514 -0.008327 0.005085 290
329.019000 3.972176 4.974714 0.179339 -0.706229 0.707917 -0.008211 0.005108 291
330.178000 3.504459 4.975903 0.170501 -0.706935 0.707210 -0.008431 0.005110 292
331.338000 3.035465 4.976571 0.160688 0.707333 -0.706823 0.007912 -0.004319 293
332.449000 2.609418 4.977142 0.154688 0.707218 -0.706944 0.007655 -0.003777 294
333.545000 2.196072 4.977083 0.146910 -0.706882 0.707278 -0.007811 0.003965 295
334.654000 1.804614 4.977540 0.139442 -0.706417 0.707751 -0.007228 0.003312 296
335.776000 1.421496 4.979246 0.132750 -0.706067 0.708098 -0.007397 0.003367 297
336.887000 1.081490 4.980151 0.127518 -0.705062 0.709095 -0.007609 0.003663 298
337.979000 0.767098 4.981483 0.121070 -0.704160 0.709991 -0.007561 0.003798 299
339.051000 0.500065 4.986324 0.116885 -0.703444 0.710715 -0.006678 0.002616 300
340.164000 0.276014 4.987863 0.118105 -0.702745 0.711418 -0.005581 0.001798 301
341.245000 0.090824 4.992217 0.115511 -0.702028 0.712128 -0.005248 0.001342 302
342.330000 -0.035780 4.994620 0.117117 -0.701998 0.712162 -0.004907 0.000630 303
344.489000 -0.154413 4.997571 0.111319 -0.701289 0.712844 -0.006609 0.002134 305
350.959000 -0.140070 5.122095 0.120158 -0.702104 0.712039 -0.006984 0.001198 311
354.057000 -0.144369 5.240328 0.119134 -0.702012 0.712125 -0.007285 0.001895 314
357.200000 -0.137631 5.389285 0.119428 -0.702080 0.712059 -0.007302 0.001096 317
359.366000 -0.133464 5.495998 0.118767 -0.702169 0.711976 -0.006927 0.001017 319
361.507000 -0.131667 5.599585 0.117986 -0.702221 0.711927 -0.006569 0.001248 321
363.661000 -0.133900 5.702011 0.116367 -0.702323 0.711823 -0.006900 0.001650 323
366.793000 -0.129497 5.833346 0.115578 -0.702397 0.711753 -0.006595 0.001468 326
371.118000 -0.127854 5.958533 0.114646 -0.702717 0.711438 -0.006494 0.001583 330
376.637000 -0.000495 5.992701 0.115847 -0.703006 0.711162 -0.005662 -0.000207 335
377.702000 0.146249 5.991860 0.118738 -0.703214 0.710960 -0.005073 -0.000700 336
378.730000 0.328900 5.983922 0.118165 -0.703603 0.710577 -0.004779 0.000175 337
379.758000 0.548070 5.992487 0.122021 -0.703512 0.710657 -0.006067 -0.000518 338
380.798000 0.804818 5.973105 0.121984 -0.704124 0.710063 -0.004299 0.001207 339
381.849000 1.106941 5.978148 0.127208 -0.704283 0.709893 -0.005916 0.001315 340
382.881000 1.425410 5.971353 0.130049 -0.704660 0.709531 -0.004344 0.000607 341
383.899000 1.751920 5.971578 0.136456 -0.704754 0.709422 -0.006209 0.002073 342
384.963000 2.118163 5.973755 0.144105 -0.705193 0.708960 -0.008215 0.003437 343
386.044000 2.512262 5.979276 0.153588 -0.705492 0.708626 -0.010553 0.004370 344
387.064000 2.906395 5.977450 0.161255 -0.705502 0.708633 -0.009649 0.003579 345
388.277000 3.393107 5.961906 0.169102 -0.705234 0.708922 -0.007636 0.004101 346
389.455000 3.863533 5.956962 0.177923 -0.704966 0.709180 -0.007949 0.004799 347
390.609000 4.325692 5.954143 0.185339 -0.704544 0.709611 -0.007240 0.004304 348
391.623000 4.725174 5.953056 0.191993 -0.704446 0.709699 -0.007841 0.004599 349
392.760000 5.167877 5.945554 0.198272 -0.703961 0.710178 -0.007604 0.005286 350
393.822000 5.556080 5.941805 0.206308 -0.703531 0.710595 -0.008100 0.005758 351
394.941000 5.957757 5.938543 0.212602 -0.703149 0.710956 -0.008973 0.006507 352
395.995000 6.294842 5.934411 0.223650 -0.702217 0.711868 -0.009428 0.006802 353
397.093000 6.653256 5.928242 0.222996 -0.702050 0.712066 -0.007548 0.005580 354
398.134000 6.961538 5.932309 0.225783 -0.701908 0.712208 -0.007976 0.004651 355
399.199000 7.223172 5.930921 0.230333 -0.701255 0.712853 -0.007958 0.004232 356
400.256000 7.444631 5.927631 0.233245 -0.700742 0.713345 -0.008663 0.005006 357
401.390000 7.638513 5.920527 0.234904 -0.700311 0.713777 -0.007843 0.004971 358
402.393000 7.751686 5.921311 0.238692 -0.699834 0.714223 -0.009192 0.005678 359
404.511000 7.857542 5.919888 0.239269 -0.699326 0.714738 -0.008371 0.004657 361
410.948000 7.861960 6.041515 0.238928 -0.698801 0.715266 -0.007433 0.004109 367
414.052000 7.863197 6.167844 0.239117 -0.698286 0.715762 -0.008009 0.004163 370
417.293000 7.876127 6.322654 0.238323 -0.698246 0.715812 -0.007536 0.002965 373
419.441000 7.871368 6.423319 0.238748 -0.697875 0.716164 -0.007647 0.004660 375
421.489000 7.876491 6.526451 0.237136 -0.697785 0.716253 -0.007639 0.004333 377
423.704000 7.880180 6.626875 0.236653 -0.696851 0.717161 -0.007161 0.005173 379
426.965000 7.887378 6.772186 0.235043 -0.696736 0.717278 -0.007282 0.004206 382
427.990000 7.881207 6.813377 0.236334 -0.696987 0.717026 -0.007919 0.004483 383
432.257000 7.889181 6.920409 0.234459 -0.697199 0.716827 -0.007623 0.003891 387
436.598000 7.762837 6.931714 0.233751 -0.697038 0.716950 -0.009257 0.005918 391
437.655000 7.622055 6.941042 0.229820 -0.697126 0.716877 -0.008909 0.004872 392
438.781000 7.417165 6.943836 0.226855 -0.697008 0.716977 -0.009494 0.005799 393
439.936000 7.162858 6.951878 0.223267 -0.697086 0.716920 -0.008586 0.004858 394
441.032000 6.881067 6.957833 0.218341 -0.697097 0.716912 -0.008271 0.004877 395
442.110000 6.569046 6.967899 0.212545 -0.697108 0.716896 -0.008684 0.005057 396
443.244000 6.202870 6.976715 0.207452 -0.697216 0.716804 -0.007831 0.004509 397
444.362000 5.813900 6.988390 0.200910 -0.697149 0.716863 -0.008301 0.004648 398
445.405000 5.429406 6.998207 0.194154 -0.697401 0.716596 -0.009367 0.005888 399
446.457000 5.030567 7.009669 0.186960 -0.697465 0.716549 -0.008643 0.005039 400
447.550000 4.596536 7.018930 0.178635 -0.697526 0.716491 -0.008427 0.005301 401
448.583000 4.191685 7.029337 0.171991 -0.697934 0.716081 -0.009097 0.005739 402
449.742000 3.719362 7.038416 0.163128 -0.698296 0.715741 -0.008270 0.005375 403
450.814000 3.289445 7.046025 0.152716 -0.698565 0.715457 -0.009304 0.006467 404
451.860000 2.881958 7.059565 0.142527 -0.698675 0.715366 -0.008800 0.005239 405
452.862000 2.494498 7.064841 0.134971 -0.698469 0.715559 -0.009052 0.005920 406
454.001000 2.080657 7.077088 0.125581 -0.698116 0.715905 -0.009175 0.005525 407
455.058000 1.705721 7.079329 0.119102 -0.697958 0.716068 -0.008245 0.005757 408
456.067000 1.374860 7.085553 0.112736 -0.697933 0.716090 -0.008184 0.006099 409
457.170000 1.041128 7.096940 0.105972 -0.697999 0.716049 -0.007078 0.004570 410
458.339000 0.726866 7.102727 0.101139 -0.697759 0.716291 -0.006350 0.004333 411
459.388000 0.487801 7.104655 0.097675 -0.697598 0.716457 -0.005277 0.004207 412
460.419000 0.274831 7.119329 0.094604 -0.697618 0.716433 -0.006389 0.003499 413
461.522000 0.107507 7.123895 0.092085 -0.697543 0.716519 -0.005319 0.002478 414
462.607000 -0.024140 7.139449 0.086275 -0.697357 0.716688 -0.006878 0.001916 415
471.322000 -0.103917 7.262357 0.087042 -0.697545 0.716488 -0.007361 0.004662 423
474.610000 -0.096665 7.392525 0.086033 -0.697356 0.716678 -0.006677 0.004635 426
476.707000 -0.095019 7.500750 0.084065 -0.697473 0.716560 -0.007719 0.003688 428
479.824000 -0.091406 7.655820 0.082075 -0.697436 0.716595 -0.007834 0.003608 431
481.947000 -0.083748 7.768878 0.079992 -0.697073 0.716950 -0.008006 0.002890 433
485.139000 -0.083246 7.901445 0.083285 -0.697172 0.716856 -0.007097 0.004332 436
488.318000 -0.078882 8.019746 0.083804 -0.697343 0.716693 -0.006824 0.004235 439
493.648000 -0.077476 8.123405 0.083240 -0.697335 0.716698 -0.006929 0.004440 444
496.835000 0.077231 8.121195 0.085739 -0.697295 0.716758 -0.005578 0.002703 447
497.949000 0.238713 8.116598 0.088467 -0.697414 0.716639 -0.005790 0.002926 448
499.098000 0.454015 8.110282 0.092141 -0.697348 0.716710 -0.005214 0.002439 449
500.264000 0.723567 8.102528 0.096808 -0.697339 0.716713 -0.005644 0.002988 450
501.284000 0.994208 8.096160 0.100637 -0.697486 0.716572 -0.005494 0.002637 451
502.342000 1.307510 8.086372 0.107058 -0.697324 0.716714 -0.006695 0.003959 452
503.434000 1.656596 8.079200 0.112657 -0.697641 0.716404 -0.006915 0.003819 453
504.524000 2.027064 8.068215 0.121046 -0.697576 0.716462 -0.007193 0.004242 454
505.644000 2.434662 8.059335 0.128667 -0.697912 0.716115 -0.008366 0.005225 455
506.703000 2.825719 8.057285 0.136550 -0.699048 0.715017 -0.007943 0.004337 456
507.796000 3.251067 8.046895 0.143513 -0.699161 0.714909 -0.007767 0.004307 457
508.808000 3.652147 8.040874 0.152923 -0.699222 0.714840 -0.008463 0.004658 458
510.006000 4.129750 8.038333 0.163465 -0.698846 0.715204 -0.008853 0.004246 459
511.093000 4.576724 8.024510 0.175919 -0.697829 0.716219 -0.007097 0.003931 460
512.099000 4.970216 8.010036 0.182954 -0.697761 0.716279 -0.007165 0.004720 461
513.179000 5.380568 7.999723 0.190665 -0.697590 0.716441 -0.007520 0.004955 462
514.192000 5.757188 7.990058 0.197101 -0.697574 0.716458 -0.007443 0.004818 463
515.268000 6.137172 7.981533 0.203450 -0.697467 0.716558 -0.007797 0.004882 464
516.269000 6.466166 7.971429 0.209561 -0.697476 0.716544 -0.007980 0.005313 465
517.300000 6.779313 7.962507 0.215255 -0.697408 0.716614 -0.007741 0.005225 466
518.312000 7.056283 7.953160 0.220050 -0.697290 0.716721 -0.008059 0.005801 467
519.451000 7.340357 7.947666 0.222473 -0.697153 0.716855 -0.008226 0.005481 468
520.611000 7.562514 7.937037 0.228123 -0.697153 0.716849 -0.008120 0.006264 469
521.683000 7.736467 7.936216 0.228381 -0.697173 0.716839 -0.007919 0.005386 470
522.732000 7.848001 7.931324 0.231531 -0.696985 0.717014 -0.008343 0.005830 471
